54
53
52
51
50
5
49
48
47
46
45
44
43
42
41
40
4
39
38
37
36
35
34
33
32
31
30
3
29
28
27
26
25
243
242
241
240
24
239
238
237
236
234
233
232
231
230
23
229
228
227
226
225
224
223
222
221
220
22
219
218
217
216
215
214
213
212
211
210
21
209
208
207
206
205
204
203
202
201
200
20
2
199
198
197
196
195
194
193
192
191
190
19
189
188
187
186
185
184
183
182
181
180
18
179
177
178
176
175
174
173
172
171
170
17
169
168
167
166
165
164
163
162
161
160
16
159
158
157
156
155
154
153
152
151
150
15
149
148
147
146
145
144
143
142
141
140
14
139
138
137
136
135
134
133
132
131
130
13
129
128
127
126
125
124
123
122
121
120
12
119
118
117
116
115
114
113
112
111
110
11
109
108
107
106
105
104
103
102
101
100
10
1
0